0.000000 
4.818113 
3.064577 
-2.750475 
-4.504061 
0.313953 
5.131917 
3.378182 
-2.437118 
-4.191001 
0.626666 
5.444234 
3.690054 
-2.125740 
-3.880167 
0.936907 
5.753832 
3.998962 
-1.817572 
-3.572788 
1.243449 
6.059490 
4.303686 
-1.513830 
-3.270075 
1.545085 
6.360001 
4.603024 
-1.215712 
-2.973223 
1.840623 
6.654178 
4.895795 
-0.924394 
-2.683405 
2.128896 
6.940861 
5.180842 
-0.641027 
-2.401763 
2.408768 
7.218919 
5.457042 
-0.366729 
-2.129409 
2.679134 
7.487254 
5.723304 
-0.102582 
-1.867419 
2.938926 
7.744807 
5.978578 
0.150372 
-1.616826 
3.187120 
7.990562 
6.221855 
0.391133 
-1.378619 
3.422736 
8.223549 
6.452176 
0.618752 
-1.153737 
3.644843 
8.442848 
6.668632 
0.832331 
-0.943070 
3.852566 
8.647594 
6.870368 
1.031026 
-0.747448 
4.045085 
8.836979 
7.056589 
1.214053 
-0.567642 
4.221640 
9.010255 
7.226560 
1.380691 
-0.404364 
4.381533 
9.166739 
7.379609 
1.530281 
-0.258256 
4.524135 
9.305812 
7.515132 
1.662233 
-0.129897 
4.648882 
9.426927 
7.632596 
1.776026 
-0.019791 
4.755283 
9.529605 
7.731535 
1.871212 
0.071626 
4.842916 
9.613441 
7.811561 
1.947414 
0.143993 
4.911436 
9.678104 
7.872356 
2.004332 
0.197025 
4.960574 
9.723339 
7.913681 
2.041742 
0.230512 
4.990134 
9.748967 
7.935374 
2.059495 
0.244323 
5.000000 
9.754888 
7.937347 
2.057521 
0.238402 
4.990134 
9.741077 
7.919594 
2.035829 
0.212774 
4.960574 
9.707590 
7.882185 
1.994503 
0.167539 
4.911436 
9.654558 
7.825267 
1.933708 
0.102876 
4.842916 
9.582191 
7.749065 
1.853683 
0.019040 
4.755283 
9.490774 
7.653879 
1.754743 
-0.083638 
4.648882 
9.380669 
7.540085 
1.637280 
-0.204753 
4.524135 
9.252309 
7.408133 
1.501756 
-0.343826 
4.381533 
9.106201 
7.258543 
1.348707 
-0.500310 
4.221640 
8.942923 
7.091906 
1.178737 
-0.673586 
4.045085 
8.763118 
6.908878 
0.992516 
-0.862971 
3.852566 
8.567495 
6.710183 
0.790779 
-1.067717 
3.644843 
8.356828 
6.496605 
0.574324 
-1.287016 
3.422736 
8.131947 
6.268986 
0.344003 
-1.520003 
3.187120 
7.893739 
6.028224 
0.100725 
-1.765758 
2.938926 
7.643146 
5.775271 
-0.154548 
-2.023311 
2.679134 
7.381156 
5.511124 
-0.420810 
-2.291646 
2.408768 
7.108802 
5.236826 
-0.697010 
-2.569704 
2.128896 
6.827160 
4.953458 
-0.982058 
-2.856387 
1.840623 
6.537342 
4.662141 
-1.274829 
-3.150565 
1.545085 
6.240490 
4.364023 
-1.574167 
-3.451075 
1.243449 
5.937778 
4.060280 
-1.878891 
-3.756733 
0.936907 
5.630398 
3.752112 
-2.187798 
-4.066331 
0.626666 
5.319565 
3.440735 
-2.499670 
-4.378649 
0.313953 
5.006504 
3.127377 
-2.813276 
-4.692452 
0.000000 
4.692452 
2.813276 
-3.127377 
-5.006504 
-0.313953 
4.378649 
2.499670 
-3.440735 
-5.319565 
-0.626666 
4.066331 
2.187798 
-3.752112 
-5.630398 
-0.936907 
3.756733 
1.878891 
-4.060280 
-5.937778 
-1.243449 
3.451075 
1.574167 
-4.364023 
-6.240490 
-1.545085 
3.150565 
1.274829 
-4.662141 
-6.537342 
-1.840623 
2.856387 
0.982058 
-4.953458 
-6.827160 
-2.128896 
2.569704 
0.697010 
-5.236826 
-7.108802 
-2.408768 
2.291646 
0.420810 
-5.511124 
-7.381156 
-2.679134 
2.023311 
0.154548 
-5.775271 
-7.643146 
-2.938926 
1.765758 
-0.100725 
-6.028224 
-7.893739 
-3.187120 
1.520003 
-0.344003 
-6.268986 
-8.131947 
-3.422736 
1.287016 
-0.574324 
-6.496605 
-8.356828 
-3.644843 
1.067717 
-0.790779 
-6.710183 
-8.567495 
-3.852566 
0.862971 
-0.992516 
-6.908878 
-8.763118 
-4.045085 
0.673586 
-1.178737 
-7.091906 
-8.942923 
-4.221640 
0.500310 
-1.348707 
-7.258543 
-9.106201 
-4.381533 
0.343826 
-1.501756 
-7.408133 
-9.252309 
-4.524135 
0.204753 
-1.637280 
-7.540085 
-9.380669 
-4.648882 
0.083638 
-1.754743 
-7.653879 
-9.490774 
-4.755283 
-0.019040 
-1.853683 
-7.749065 
-9.582191 
-4.842916 
-0.102876 
-1.933708 
-7.825267 
-9.654558 
-4.911436 
-0.167539 
-1.994503 
-7.882185 
-9.707590 
-4.960574 
-0.212774 
-2.035829 
-7.919594 
-9.741077 
-4.990134 
-0.238402 
-2.057521 
-7.937347 
-9.754888 
-5.000000 
-0.244323 
-2.059495 
-7.935374 
-9.748967 
-4.990134 
-0.230512 
-2.041742 
-7.913681 
-9.723339 
-4.960574 
-0.197025 
-2.004332 
-7.872356 
-9.678104 
-4.911436 
-0.143993 
-1.947414 
-7.811561 
-9.613441 
-4.842916 
-0.071626 
-1.871212 
-7.731535 
-9.529605 
-4.755283 
0.019791 
-1.776026 
-7.632596 
-9.426927 
-4.648882 
0.129897 
-1.662233 
-7.515132 
-9.305812 
-4.524135 
0.258256 
-1.530281 
-7.379609 
-9.166739 
-4.381533 
0.404364 
-1.380691 
-7.226560 
-9.010255 
-4.221640 
0.567642 
-1.214053 
-7.056589 
-8.836979 
-4.045085 
0.747448 
-1.031026 
-6.870368 
-8.647594 
-3.852566 
0.943070 
-0.832331 
-6.668632 
-8.442848 
-3.644843 
1.153737 
-0.618752 
-6.452176 
-8.223549 
-3.422736 
1.378619 
-0.391133 
-6.221855 
-7.990562 
-3.187120 
1.616826 
-0.150372 
-5.978578 
-7.744807 
-2.938926 
1.867419 
0.102582 
-5.723304 
-7.487254 
-2.679134 
2.129409 
0.366729 
-5.457042 
-7.218919 
-2.408768 
2.401763 
0.641027 
-5.180842 
-6.940861 
-2.128896 
2.683405 
0.924394 
-4.895795 
-6.654178 
-1.840623 
2.973223 
1.215712 
-4.603024 
-6.360001 
-1.545085 
3.270075 
1.513830 
-4.303686 
-6.059490 
-1.243449 
3.572788 
1.817572 
-3.998962 
-5.753832 
-0.936907 
3.880167 
2.125740 
-3.690054 
-5.444234 
-0.626666 
4.191001 
2.437118 
-3.378182 
-5.131917 
-0.313953 
4.504061 
2.750475 
-3.064577 
-4.818113 
0.000000 
4.818113 
3.064577 
-2.750475 
-4.504061 
0.313953 
5.131917 
3.378182 
-2.437118 
-4.191001 
0.626666 
5.444234 
3.690054 
-2.125740 
-3.880167 
0.936907 
5.753832 
3.998962 
-1.817572 
-3.572788 
1.243449 
6.059490 
4.303686 
-1.513830 
-3.270075 
1.545085 
6.360001 
4.603024 
-1.215712 
-2.973223 
1.840623 
6.654178 
4.895795 
-0.924394 
-2.683405 
2.128896 
6.940861 
5.180842 
-0.641027 
-2.401763 
2.408768 
7.218919 
5.457042 
-0.366729 
-2.129409 
2.679134 
7.487254 
5.723304 
-0.102582 
-1.867419 
2.938926 
7.744807 
5.978578 
0.150372 
-1.616826 
3.187120 
7.990562 
6.221855 
0.391133 
-1.378619 
3.422736 
8.223549 
6.452176 
0.618752 
-1.153737 
3.644843 
8.442848 
6.668632 
0.832331 
-0.943070 
3.852566 
8.647594 
6.870368 
1.031026 
-0.747448 
4.045085 
8.836979 
7.056589 
1.214053 
-0.567642 
4.221640 
9.010255 
7.226560 
1.380691 
-0.404364 
4.381533 
9.166739 
7.379609 
1.530281 
-0.258256 
4.524135 
9.305812 
7.515132 
1.662233 
-0.129897 
4.648882 
9.426927 
7.632596 
1.776026 
-0.019791 
4.755283 
9.529605 
7.731535 
1.871212 
0.071626 
4.842916 
9.613441 
7.811561 
1.947414 
0.143993 
4.911436 
9.678104 
7.872356 
2.004332 
0.197025 
4.960574 
9.723339 
7.913681 
2.041742 
0.230512 
4.990134 
9.748967 
7.935374 
2.059495 
0.244323 
5.000000 
9.754888 
7.937347 
2.057521 
0.238402 
4.990134 
9.741077 
7.919594 
2.035829 
0.212774 
4.960574 
9.707590 
7.882185 
1.994503 
0.167539 
4.911436 
9.654558 
7.825267 
1.933708 
0.102876 
4.842916 
9.582191 
7.749065 
1.853683 
0.019040 
4.755283 
9.490774 
7.653879 
1.754743 
-0.083638 
4.648882 
9.380669 
7.540085 
1.637280 
-0.204753 
4.524135 
9.252309 
7.408133 
1.501756 
-0.343826 
4.381533 
9.106201 
7.258543 
1.348707 
-0.500310 
4.221640 
8.942923 
7.091906 
1.178737 
-0.673586 
4.045085 
8.763118 
6.908878 
0.992516 
-0.862971 
3.852566 
8.567495 
6.710183 
0.790779 
-1.067717 
3.644843 
8.356828 
6.496605 
0.574324 
-1.287016 
3.422736 
8.131947 
6.268986 
0.344003 
-1.520003 
3.187120 
7.893739 
6.028224 
0.100725 
-1.765758 
2.938926 
7.643146 
5.775271 
-0.154548 
-2.023311 
2.679134 
7.381156 
5.511124 
-0.420810 
-2.291646 
2.408768 
7.108802 
5.236826 
-0.697010 
-2.569704 
2.128896 
6.827160 
4.953458 
-0.982058 
-2.856387 
1.840623 
6.537342 
4.662141 
-1.274829 
-3.150565 
1.545085 
6.240490 
4.364023 
-1.574167 
-3.451075 
1.243449 
5.937778 
4.060280 
-1.878891 
-3.756733 
0.936907 
5.630398 
3.752112 
-2.187798 
-4.066331 
0.626666 
5.319565 
3.440735 
-2.499670 
-4.378649 
0.313953 
5.006504 
3.127377 
-2.813276 
-4.692452 
-0.000000 
4.692452 
2.813276 
-3.127377 
-5.006504 
-0.313953 
4.378649 
2.499670 
-3.440735 
-5.319565 
-0.626666 
4.066331 
2.187798 
-3.752112 
-5.630398 
-0.936907 
3.756733 
1.878891 
-4.060280 
-5.937778 
-1.243449 
3.451075 
1.574167 
-4.364023 
-6.240490 
-1.545085 
3.150565 
1.274829 
-4.662141 
-6.537342 
-1.840623 
2.856387 
0.982058 
-4.953458 
-6.827160 
-2.128896 
2.569704 
0.697010 
-5.236826 
-7.108802 
-2.408768 
2.291646 
0.420810 
-5.511124 
-7.381156 
-2.679134 
2.023311 
0.154548 
-5.775271 
-7.643146 
-2.938926 
1.765758 
-0.100725 
-6.028224 
-7.893739 
-3.187120 
1.520003 
-0.344003 
-6.268986 
-8.131947 
-3.422736 
1.287016 
-0.574324 
-6.496605 
-8.356828 
-3.644843 
1.067717 
-0.790779 
-6.710183 
-8.567495 
-3.852566 
0.862971 
-0.992516 
-6.908878 
-8.763118 
-4.045085 
0.673586 
-1.178737 
-7.091906 
-8.942923 
-4.221640 
0.500310 
-1.348707 
-7.258543 
-9.106201 
-4.381533 
0.343826 
-1.501756 
-7.408133 
-9.252309 
-4.524135 
0.204753 
-1.637280 
-7.540085 
-9.380669 
-4.648882 
0.083638 
-1.754743 
-7.653879 
-9.490774 
-4.755283 
-0.019040 
-1.853683 
-7.749065 
-9.582191 
-4.842916 
-0.102876 
-1.933708 
-7.825267 
-9.654558 
-4.911436 
-0.167539 
-1.994503 
-7.882185 
-9.707590 
-4.960574 
-0.212774 
-2.035829 
-7.919594 
-9.741077 
-4.990134 
-0.238402 
-2.057521 
-7.937347 
-9.754888 
-5.000000 
-0.244323 
-2.059495 
-7.935374 
-9.748967 
-4.990134 
-0.230512 
-2.041742 
-7.913681 
-9.723339 
-4.960574 
-0.197025 
-2.004332 
-7.872356 
-9.678104 
-4.911436 
-0.143993 
-1.947414 
-7.811561 
-9.613441 
-4.842916 
-0.071626 
-1.871212 
-7.731535 
-9.529605 
-4.755283 
0.019791 
-1.776026 
-7.632596 
-9.426927 
-4.648882 
0.129897 
-1.662233 
-7.515132 
-9.305812 
-4.524135 
0.258256 
-1.530281 
-7.379609 
-9.166739 
-4.381533 
0.404364 
-1.380691 
-7.226560 
-9.010255 
-4.221640 
0.567642 
-1.214053 
-7.056589 
-8.836979 
-4.045085 
0.747448 
-1.031026 
-6.870368 
-8.647594 
-3.852566 
0.943070 
-0.832331 
-6.668632 
-8.442848 
-3.644843 
1.153737 
-0.618752 
-6.452176 
-8.223549 
-3.422736 
1.378619 
-0.391133 
-6.221855 
-7.990562 
-3.187120 
1.616826 
-0.150372 
-5.978578 
-7.744807 
-2.938926 
1.867419 
0.102582 
-5.723304 
-7.487254 
-2.679134 
2.129409 
0.366729 
-5.457042 
-7.218919 
-2.408768 
2.401763 
0.641027 
-5.180842 
-6.940861 
-2.128896 
2.683405 
0.924394 
-4.895795 
-6.654178 
-1.840623 
2.973223 
1.215712 
-4.603024 
-6.360001 
-1.545085 
3.270075 
1.513830 
-4.303686 
-6.059490 
-1.243449 
3.572788 
1.817572 
-3.998962 
-5.753832 
-0.936907 
3.880167 
2.125740 
-3.690054 
-5.444234 
-0.626666 
4.191001 
2.437118 
-3.378182 
-5.131917 
-0.313953 
4.504061 
2.750475 
-3.064577 
-4.818113 
0.000000 
4.818113 
3.064577 
-2.750475 
-4.504061 
0.313953 
5.131917 
3.378182 
-2.437118 
-4.191001 
0.626666 
5.444234 
3.690054 
-2.125740 
-3.880167 
0.936907 
5.753832 
3.998962 
-1.817572 
-3.572788 
1.243449 
6.059490 
4.303686 
-1.513830 
-3.270075 
1.545085 
6.360001 
4.603024 
-1.215712 
-2.973223 
1.840623 
6.654178 
4.895795 
-0.924394 
-2.683405 
2.128896 
6.940861 
5.180842 
-0.641027 
-2.401763 
2.408768 
7.218919 
5.457042 
-0.366729 
-2.129409 
2.679134 
7.487254 
5.723304 
-0.102582 
-1.867419 
2.938926 
7.744807 
5.978578 
0.150372 
-1.616826 
3.187120 
7.990562 
6.221855 
0.391133 
-1.378619 
3.422736 
8.223549 
6.452176 
0.618752 
-1.153737 
3.644843 
8.442848 
6.668632 
0.832331 
-0.943070 
3.852566 
8.647594 
6.870368 
1.031026 
-0.747448 
4.045085 
8.836979 
7.056589 
1.214053 
-0.567642 
4.221640 
9.010255 
7.226560 
1.380691 
-0.404364 
4.381533 
9.166739 
7.379609 
1.530281 
-0.258256 
4.524135 
9.305812 
7.515132 
1.662233 
-0.129897 
4.648882 
9.426927 
7.632596 
1.776026 
-0.019791 
4.755283 
9.529605 
7.731535 
1.871212 
0.071626 
4.842916 
9.613441 
7.811561 
1.947414 
0.143993 
4.911436 
9.678104 
7.872356 
2.004332 
0.197025 
4.960574 
9.723339 
7.913681 
2.041742 
0.230512 
4.990134 
9.748967 
7.935374 
2.059495 
0.244323 
5.000000 
9.754888 
7.937347 
2.057521 
0.238402 
4.990134 
9.741077 
7.919594 
2.035829 
0.212774 
4.960574 
9.707590 
7.882185 
1.994503 
0.167539 
4.911436 
9.654558 
7.825267 
1.933708 
0.102876 
4.842916 
9.582191 
7.749065 
1.853683 
0.019040 
4.755283 
9.490774 
7.653879 
1.754743 
-0.083638 
4.648882 
9.380669 
7.540085 
1.637280 
-0.204753 
4.524135 
9.252309 
7.408133 
1.501756 
-0.343826 
4.381533 
9.106201 
7.258543 
1.348707 
-0.500310 
4.221640 
8.942923 
7.091906 
1.178737 
-0.673586 
4.045085 
8.763118 
6.908878 
0.992516 
-0.862971 
3.852566 
8.567495 
6.710183 
0.790779 
-1.067717 
3.644843 
8.356828 
6.496605 
0.574324 
-1.287016 
3.422736 
8.131947 
6.268986 
0.344003 
-1.520003 
3.187120 
7.893739 
6.028224 
0.100725 
-1.765758 
2.938926 
7.643146 
5.775271 
-0.154548 
-2.023311 
2.679134 
7.381156 
5.511124 
-0.420810 
-2.291646 
2.408768 
7.108802 
5.236826 
-0.697010 
-2.569704 
2.128896 
6.827160 
4.953458 
-0.982058 
-2.856387 
1.840623 
6.537342 
4.662141 
-1.274829 
-3.150565 
1.545085 
6.240490 
4.364023 
-1.574167 
-3.451075 
1.243449 
5.937778 
4.060280 
-1.878891 
-3.756733 
0.936907 
5.630398 
3.752112 
-2.187798 
-4.066331 
0.626666 
5.319565 
3.440735 
-2.499670 
-4.378649 
0.313953 
5.006504 
3.127377 
-2.813276 
-4.692452 
0.000000 
4.692452 
2.813276 
-3.127377 
-5.006504 
-0.313953 
4.378649 
2.499670 
-3.440735 
-5.319565 
-0.626666 
4.066331 
2.187798 
-3.752112 
-5.630398 
-0.936907 
3.756733 
1.878891 
-4.060280 
-5.937778 
-1.243449 
3.451075 
1.574167 
-4.364023 
-6.240490 
-1.545085 
3.150565 
1.274829 
-4.662141 
-6.537342 
-1.840623 
2.856387 
0.982058 
-4.953458 
-6.827160 
-2.128896 
2.569704 
0.697010 
-5.236826 
-7.108802 
-2.408768 
2.291646 
0.420810 
-5.511124 
-7.381156 
-2.679134 
2.023311 
0.154548 
-5.775271 
-7.643146 
-2.938926 
1.765758 
-0.100725 
-6.028224 
-7.893739 
-3.187120 
1.520003 
-0.344003 
-6.268986 
-8.131947 
-3.422736 
1.287016 
-0.574324 
-6.496605 
-8.356828 
-3.644843 
1.067717 
-0.790779 
-6.710183 
-8.567495 
-3.852566 
0.862971 
-0.992516 
-6.908878 
-8.763118 
-4.045085 
0.673586 
-1.178737 
-7.091906 
-8.942923 
-4.221640 
0.500310 
-1.348707 
-7.258543 
-9.106201 
-4.381533 
0.343826 
-1.501756 
-7.408133 
-9.252309 
-4.524135 
0.204753 
-1.637280 
-7.540085 
-9.380669 
-4.648882 
0.083638 
-1.754743 
-7.653879 
-9.490774 
-4.755283 
-0.019040 
-1.853683 
-7.749065 
-9.582191 
-4.842916 
-0.102876 
-1.933708 
-7.825267 
-9.654558 
-4.911436 
-0.167539 
-1.994503 
-7.882185 
-9.707590 
-4.960574 
-0.212774 
-2.035829 
-7.919594 
-9.741077 
-4.990134 
-0.238402 
-2.057521 
-7.937347 
-9.754888 
-5.000000 
-0.244323 
-2.059495 
-7.935374 
-9.748967 
-4.990134 
-0.230512 
-2.041742 
-7.913681 
-9.723339 
-4.960574 
-0.197025 
-2.004332 
-7.872356 
-9.678104 
-4.911436 
-0.143993 
-1.947414 
-7.811561 
-9.613441 
-4.842916 
-0.071626 
-1.871212 
-7.731535 
-9.529605 
-4.755283 
0.019791 
-1.776026 
-7.632596 
-9.426927 
-4.648882 
0.129897 
-1.662233 
-7.515132 
-9.305812 
-4.524135 
0.258256 
-1.530281 
-7.379609 
-9.166739 
-4.381533 
0.404364 
-1.380691 
-7.226560 
-9.010255 
-4.221640 
0.567642 
-1.214053 
-7.056589 
-8.836979 
-4.045085 
0.747448 
-1.031026 
-6.870368 
-8.647594 
-3.852566 
0.943070 
-0.832331 
-6.668632 
-8.442848 
-3.644843 
1.153737 
-0.618752 
-6.452176 
-8.223549 
-3.422736 
1.378619 
-0.391133 
-6.221855 
-7.990562 
-3.187120 
1.616826 
-0.150372 
-5.978578 
-7.744807 
-2.938926 
1.867419 
0.102582 
-5.723304 
-7.487254 
-2.679134 
2.129409 
0.366729 
-5.457042 
-7.218919 
-2.408768 
2.401763 
0.641027 
-5.180842 
-6.940861 
-2.128896 
2.683405 
0.924394 
-4.895795 
-6.654178 
-1.840623 
2.973223 
1.215712 
-4.603024 
-6.360001 
-1.545085 
3.270075 
1.513830 
-4.303686 
-6.059490 
-1.243449 
3.572788 
1.817572 
-3.998962 
-5.753832 
-0.936907 
3.880167 
2.125740 
-3.690054 
-5.444234 
-0.626666 
4.191001 
2.437118 
-3.378182 
-5.131917 
-0.313953 
4.504061 
2.750475 
-3.064577 
-4.818113 
-0.000000 
4.818113 
3.064577 
-2.750475 
-4.504061 
0.313953 
5.131917 
3.378182 
-2.437118 
-4.191001 
0.626666 
5.444234 
3.690054 
-2.125740 
-3.880167 
0.936907 
5.753832 
3.998962 
-1.817572 
-3.572788 
1.243449 
6.059490 
4.303686 
-1.513830 
-3.270075 
1.545085 
6.360001 
4.603024 
-1.215712 
-2.973223 
1.840623 
6.654178 
4.895795 
-0.924394 
-2.683405 
2.128896 
6.940861 
5.180842 
-0.641027 
-2.401763 
2.408768 
7.218919 
5.457042 
-0.366729 
-2.129409 
2.679134 
7.487254 
5.723304 
-0.102582 
-1.867419 
2.938926 
7.744807 
5.978578 
0.150372 
-1.616826 
3.187120 
7.990562 
6.221855 
0.391133 
-1.378619 
3.422736 
8.223549 
6.452176 
0.618752 
-1.153737 
3.644843 
8.442848 
6.668632 
0.832331 
-0.943070 
3.852566 
8.647594 
6.870368 
1.031026 
-0.747448 
4.045085 
8.836979 
7.056589 
1.214053 
-0.567642 
4.221640 
9.010255 
7.226560 
1.380691 
-0.404364 
4.381533 
9.166739 
7.379609 
1.530281 
-0.258256 
4.524135 
9.305812 
7.515132 
1.662233 
-0.129897 
4.648882 
9.426927 
7.632596 
1.776026 
-0.019791 
4.755283 
9.529605 
7.731535 
1.871212 
0.071626 
4.842916 
9.613441 
7.811561 
1.947414 
0.143993 
4.911436 
9.678104 
7.872356 
2.004332 
0.197025 
4.960574 
9.723339 
7.913681 
2.041742 
0.230512 
4.990134 
9.748967 
7.935374 
2.059495 
0.244323 
5.000000 
9.754888 
7.937347 
2.057521 
0.238402 
4.990134 
9.741077 
7.919594 
2.035829 
0.212774 
4.960574 
9.707590 
7.882185 
1.994503 
0.167539 
4.911436 
9.654558 
7.825267 
1.933708 
0.102876 
4.842916 
9.582191 
7.749065 
1.853683 
0.019040 
4.755283 
9.490774 
7.653879 
1.754743 
-0.083638 
4.648882 
9.380669 
7.540085 
1.637280 
-0.204753 
4.524135 
9.252309 
7.408133 
1.501756 
-0.343826 
4.381533 
9.106201 
7.258543 
1.348707 
-0.500310 
4.221640 
8.942923 
7.091906 
1.178737 
-0.673586 
4.045085 
8.763118 
6.908878 
0.992516 
-0.862971 
3.852566 
8.567495 
6.710183 
0.790779 
-1.067717 
3.644843 
8.356828 
6.496605 
0.574324 
-1.287016 
3.422736 
8.131947 
6.268986 
0.344003 
-1.520003 
3.187120 
7.893739 
6.028224 
0.100725 
-1.765758 
2.938926 
7.643146 
5.775271 
-0.154548 
-2.023311 
2.679134 
7.381156 
5.511124 
-0.420810 
-2.291646 
2.408768 
7.108802 
5.236826 
-0.697010 
-2.569704 
2.128896 
6.827160 
4.953458 
-0.982058 
-2.856387 
1.840623 
6.537342 
4.662141 
-1.274829 
-3.150565 
1.545085 
6.240490 
4.364023 
-1.574167 
-3.451075 
1.243449 
5.937778 
4.060280 
-1.878891 
-3.756733 
0.936907 
5.630398 
3.752112 
-2.187798 
-4.066331 
0.626666 
5.319565 
3.440735 
-2.499670 
-4.378649 
0.313953 
5.006504 
3.127377 
-2.813276 
-4.692452 
0.000000 
4.692452 
2.813276 
-3.127377 
-5.006504 
-0.313953 
4.378649 
2.499670 
-3.440735 
-5.319565 
-0.626666 
4.066331 
2.187798 
-3.752112 
-5.630398 
-0.936907 
3.756733 
1.878891 
-4.060280 
-5.937778 
-1.243449 
3.451075 
1.574167 
-4.364023 
-6.240490 
-1.545085 
3.150565 
1.274829 
-4.662141 
-6.537342 
-1.840623 
2.856387 
0.982058 
-4.953458 
-6.827160 
-2.128896 
2.569704 
0.697010 
-5.236826 
-7.108802 
-2.408768 
2.291646 
0.420810 
-5.511124 
-7.381156 
-2.679134 
2.023311 
0.154548 
-5.775271 
-7.643146 
-2.938926 
1.765758 
-0.100725 
-6.028224 
-7.893739 
-3.187120 
1.520003 
-0.344003 
-6.268986 
-8.131947 
-3.422736 
1.287016 
-0.574324 
-6.496605 
-8.356828 
-3.644843 
1.067717 
-0.790779 
-6.710183 
-8.567495 
-3.852566 
0.862971 
-0.992516 
-6.908878 
-8.763118 
-4.045085 
0.673586 
-1.178737 
-7.091906 
-8.942923 
-4.221640 
0.500310 
-1.348707 
-7.258543 
-9.106201 
-4.381533 
0.343826 
-1.501756 
-7.408133 
-9.252309 
-4.524135 
0.204753 
-1.637280 
-7.540085 
-9.380669 
-4.648882 
0.083638 
-1.754743 
-7.653879 
-9.490774 
-4.755283 
-0.019040 
-1.853683 
-7.749065 
-9.582191 
-4.842916 
-0.102876 
-1.933708 
-7.825267 
-9.654558 
-4.911436 
-0.167539 
-1.994503 
-7.882185 
-9.707590 
-4.960574 
-0.212774 
-2.035829 
-7.919594 
-9.741077 
-4.990134 
-0.238402 
-2.057521 
-7.937347 
-9.754888 
-5.000000 
-0.244323 
-2.059495 
-7.935374 
-9.748967 
-4.990134 
-0.230512 
-2.041742 
-7.913681 
-9.723339 
-4.960574 
-0.197025 
-2.004332 
-7.872356 
-9.678104 
-4.911436 
-0.143993 
-1.947414 
-7.811561 
-9.613441 
-4.842916 
-0.071626 
-1.871212 
-7.731535 
-9.529605 
-4.755283 
0.019791 
-1.776026 
-7.632596 
-9.426927 
-4.648882 
0.129897 
-1.662233 
-7.515132 
-9.305812 
-4.524135 
0.258256 
-1.530281 
-7.379609 
-9.166739 
-4.381533 
0.404364 
-1.380691 
-7.226560 
-9.010255 
-4.221640 
0.567642 
-1.214053 
-7.056589 
-8.836979 
-4.045085 
0.747448 
-1.031026 
-6.870368 
-8.647594 
-3.852566 
0.943070 
-0.832331 
-6.668632 
-8.442848 
-3.644843 
1.153737 
-0.618752 
-6.452176 
-8.223549 
-3.422736 
1.378619 
-0.391133 
-6.221855 
-7.990562 
-3.187120 
1.616826 
-0.150372 
-5.978578 
-7.744807 
-2.938926 
1.867419 
0.102582 
-5.723304 
-7.487254 
-2.679134 
2.129409 
0.366729 
-5.457042 
-7.218919 
-2.408768 
2.401763 
0.641027 
-5.180842 
-6.940861 
-2.128896 
2.683405 
0.924394 
-4.895795 
-6.654178 
-1.840623 
2.973223 
1.215712 
-4.603024 
-6.360001 
-1.545085 
3.270075 
1.513830 
-4.303686 
-6.059490 
-1.243449 
3.572788 
1.817572 
-3.998962 
-5.753832 
-0.936907 
3.880167 
2.125740 
-3.690054 
-5.444234 
-0.626666 
4.191001 
2.437118 
-3.378182 
-5.131917 
-0.313953 
4.504061 
2.750475 
-3.064577 
-4.818113 
0.000000 
4.818113 
3.064577 
-2.750475 
-4.504061 
0.313953 
5.131917 
3.378182 
-2.437118 
-4.191001 
0.626666 
5.444234 
3.690054 
-2.125740 
-3.880167 
0.936907 
5.753832 
3.998962 
-1.817572 
-3.572788 
1.243449 
6.059490 
4.303686 
-1.513830 
-3.270075 
1.545085 
6.360001 
4.603024 
-1.215712 
-2.973223 
1.840623 
6.654178 
4.895795 
-0.924394 
-2.683405 
2.128896 
6.940861 
5.180842 
-0.641027 
-2.401763 
2.408768 
7.218919 
5.457042 
-0.366729 
-2.129409 
2.679134 
7.487254 
5.723304 
-0.102582 
-1.867419 
2.938926 
7.744807 
5.978578 
0.150372 
-1.616826 
3.187120 
7.990562 
6.221855 
0.391133 
-1.378619 
3.422736 
8.223549 
6.452176 
0.618752 
-1.153737 
3.644843 
8.442848 
6.668632 
0.832331 
-0.943070 
3.852566 
8.647594 
6.870368 
1.031026 
-0.747448 
4.045085 
8.836979 
7.056589 
1.214053 
-0.567642 
4.221640 
9.010255 
7.226560 
1.380691 
-0.404364 
4.381533 
9.166739 
7.379609 
1.530281 
-0.258256 
4.524135 
9.305812 
7.515132 
1.662233 
-0.129897 
4.648882 
9.426927 
7.632596 
1.776026 
-0.019791 
4.755283 
9.529605 
7.731535 
1.871212 
0.071626 
4.842916 
9.613441 
7.811561 
1.947414 
0.143993 
4.911436 
9.678104 
7.872356 
2.004332 
0.197025 
4.960574 
9.723339 
7.913681 
2.041742 
0.230512 
4.990134 
9.748967 
7.935374 
2.059495 
0.244323 
5.000000 
9.754888 
7.937347 
2.057521 
0.238402 
4.990134 
9.741077 
7.919594 
2.035829 
0.212774 
4.960574 
9.707590 
7.882185 
1.994503 
0.167539 
4.911436 
9.654558 
7.825267 
1.933708 
0.102876 
4.842916 
9.582191 
7.749065 
1.853683 
0.019040 
4.755283 
9.490774 
7.653879 
1.754743 
-0.083638 
4.648882 
9.380669 
7.540085 
1.637280 
-0.204753 
4.524135 
9.252309 
7.408133 
1.501756 
-0.343826 
4.381533 
9.106201 
7.258543 
1.348707 
-0.500310 
4.221640 
8.942923 
7.091906 
1.178737 
-0.673586 
4.045085 
8.763118 
6.908878 
0.992516 
-0.862971 
3.852566 
8.567495 
6.710183 
0.790779 
-1.067717 
3.644843 
8.356828 
6.496605 
0.574324 
-1.287016 
3.422736 
8.131947 
6.268986 
0.344003 
-1.520003 
3.187120 
7.893739 
6.028224 
0.100725 
-1.765758 
2.938926 
7.643146 
5.775271 
-0.154548 
-2.023311 
2.679134 
7.381156 
5.511124 
-0.420810 
-2.291646 
2.408768 
7.108802 
5.236826 
-0.697010 
-2.569704 
2.128896 
6.827160 
4.953458 
-0.982058 
-2.856387 
1.840623 
6.537342 
4.662141 
-1.274829 
-3.150565 
1.545085 
6.240490 
4.364023 
-1.574167 
-3.451075 
1.243449 
5.937778 
4.060280 
-1.878891 
-3.756733 
0.936907 
5.630398 
3.752112 
-2.187798 
-4.066331 
0.626666 
5.319565 
3.440735 
-2.499670 
-4.378649 
0.313953 
5.006504 
3.127377 
-2.813276 
-4.692452 
-0.000000 
4.692452 
2.813276 
-3.127377 
-5.006504 
-0.313953 
4.378649 
2.499670 
-3.440735 
-5.319565 
-0.626666 
4.066331 
2.187798 
-3.752112 
-5.630398 
-0.936907 
3.756733 
1.878891 
-4.060280 
-5.937778 
-1.243449 
3.451075 
1.574167 
-4.364023 
-6.240490 
-1.545085 
3.150565 
1.274829 
-4.662141 
-6.537342 
-1.840623 
2.856387 
0.982058 
-4.953458 
-6.827160 
-2.128896 
2.569704 
0.697010 
-5.236826 
-7.108802 
-2.408768 
2.291646 
0.420810 
-5.511124 
-7.381156 
-2.679134 
2.023311 
0.154548 
-5.775271 
-7.643146 
-2.938926 
1.765758 
-0.100725 
-6.028224 
-7.893739 
-3.187120 
1.520003 
-0.344003 
-6.268986 
-8.131947 
-3.422736 
1.287016 
-0.574324 
-6.496605 
-8.356828 
-3.644843 
1.067717 
-0.790779 
-6.710183 
-8.567495 
-3.852566 
0.862971 
-0.992516 
-6.908878 
-8.763118 
-4.045085 
0.673586 
-1.178737 
-7.091906 
-8.942923 
-4.221640 
0.500310 
-1.348707 
-7.258543 
-9.106201 
-4.381533 
0.343826 
-1.501756 
-7.408133 
-9.252309 
-4.524135 
0.204753 
-1.637280 
-7.540085 
-9.380669 
-4.648882 
0.083638 
-1.754743 
-7.653879 
-9.490774 
-4.755283 
-0.019040 
-1.853683 
-7.749065 
-9.582191 
-4.842916 
-0.102876 
-1.933708 
-7.825267 
-9.654558 
-4.911436 
-0.167539 
-1.994503 
-7.882185 
-9.707590 
-4.960574 
-0.212774 
-2.035829 
-7.919594 
-9.741077 
-4.990134 
-0.238402 
-2.057521 
-7.937347 
-9.754888 
-5.000000 
-0.244323 
-2.059495 
-7.935374 
-9.748967 
-4.990134 
-0.230512 
-2.041742 
-7.913681 
-9.723339 
-4.960574 
-0.197025 
-2.004332 
-7.872356 
-9.678104 
-4.911436 
-0.143993 
-1.947414 
-7.811561 
-9.613441 
-4.842916 
-0.071626 
-1.871212 
-7.731535 
-9.529605 
-4.755283 
0.019791 
-1.776026 
-7.632596 
-9.426927 
-4.648882 
0.129897 
-1.662233 
-7.515132 
-9.305812 
-4.524135 
0.258256 
-1.530281 
-7.379609 
-9.166739 
-4.381533 
0.404364 
-1.380691 
-7.226560 
-9.010255 
-4.221640 
0.567642 
-1.214053 
-7.056589 
-8.836979 
-4.045085 
0.747448 
-1.031026 
-6.870368 
-8.647594 
-3.852566 
0.943070 
-0.832331 
-6.668632 
-8.442848 
-3.644843 
1.153737 
-0.618752 
-6.452176 
-8.223549 
-3.422736 
1.378619 
-0.391133 
-6.221855 
-7.990562 
-3.187120 
1.616826 
-0.150372 
-5.978578 
-7.744807 
-2.938926 
1.867419 
0.102582 
-5.723304 
-7.487254 
-2.679134 
2.129409 
0.366729 
-5.457042 
-7.218919 
-2.408768 
2.401763 
0.641027 
-5.180842 
-6.940861 
-2.128896 
2.683405 
0.924394 
-4.895795 
-6.654178 
-1.840623 
2.973223 
1.215712 
-4.603024 
-6.360001 
-1.545085 
3.270075 
1.513830 
-4.303686 
-6.059490 
-1.243449 
3.572788 
1.817572 
-3.998962 
-5.753832 
-0.936907 
3.880167 
2.125740 
-3.690054 
-5.444234 
-0.626666 
4.191001 
2.437118 
-3.378182 
-5.131917 
-0.313953 
4.504061 
2.750475 
-3.064577 
-4.818113 
0.000000 
4.818113 
3.064577 
-2.750475 
-4.504061 
0.313953 
5.131917 
3.378182 
-2.437118 
-4.191001 
0.626666 
5.444234 
3.690054 
-2.125740 
-3.880167 
0.936907 
5.753832 
3.998962 
-1.817572 
-3.572788 
1.243449 
6.059490 
4.303686 
-1.513830 
-3.270075 
1.545085 
6.360001 
4.603024 
-1.215712 
-2.973223 
1.840623 
6.654178 
4.895795 
-0.924394 
-2.683405 
2.128896 
6.940861 
5.180842 
-0.641027 
-2.401763 
2.408768 
7.218919 
5.457042 
-0.366729 
-2.129409 
2.679134 
7.487254 
5.723304 
-0.102582 
-1.867419 
2.938926 
7.744807 
5.978578 
0.150372 
-1.616826 
3.187120 
7.990562 
6.221855 
0.391133 
-1.378619 
3.422736 
8.223549 
6.452176 
0.618752 
-1.153737 
3.644843 
8.442848 
6.668632 
0.832331 
-0.943070 
3.852566 
8.647594 
6.870368 
1.031026 
-0.747448 
4.045085 
8.836979 
7.056589 
1.214053 
-0.567642 
4.221640 
9.010255 
7.226560 
1.380691 
-0.404364 
4.381533 
9.166739 
7.379609 
1.530281 
-0.258256 
4.524135 
9.305812 
7.515132 
1.662233 
-0.129897 
4.648882 
9.426927 
7.632596 
1.776026 
-0.019791 
4.755283 
9.529605 
7.731535 
1.871212 
0.071626 
4.842916 
9.613441 
7.811561 
1.947414 
0.143993 
4.911436 
9.678104 
7.872356 
2.004332 
0.197025 
4.960574 
9.723339 
7.913681 
2.041742 
0.230512 
4.990134 
9.748967 
7.935374 
2.059495 
0.244323 
5.000000 
9.754888 
7.937347 
2.057521 
0.238402 
4.990134 
9.741077 
7.919594 
2.035829 
0.212774 
4.960574 
9.707590 
7.882185 
1.994503 
0.167539 
4.911436 
9.654558 
7.825267 
1.933708 
0.102876 
4.842916 
9.582191 
7.749065 
1.853683 
0.019040 
4.755283 
9.490774 
7.653879 
1.754743 
-0.083638 
4.648882 
9.380669 
7.540085 
1.637280 
-0.204753 
4.524135 
9.252309 
7.408133 
1.501756 
-0.343826 
4.381533 
9.106201 
7.258543 
1.348707 
-0.500310 
4.221640 
8.942923 
7.091906 
1.178737 
-0.673586 
4.045085 
8.763118 
6.908878 
0.992516 
-0.862971 
3.852566 
8.567495 
6.710183 
0.790779 
-1.067717 
3.644843 
8.356828 
6.496605 
0.574324 
-1.287016 
3.422736 
8.131947 
6.268986 
0.344003 
-1.520003 
3.187120 
7.893739 
6.028224 
0.100725 
-1.765758 
2.938926 
7.643146 
5.775271 
-0.154548 
-2.023311 
2.679134 
7.381156 
5.511124 
-0.420810 
-2.291646 
2.408768 
7.108802 
5.236826 
-0.697010 
-2.569704 
2.128896 
6.827160 
4.953458 
-0.982058 
-2.856387 
1.840623 
6.537342 
4.662141 
-1.274829 
-3.150565 
1.545085 
6.240490 
4.364023 
-1.574167 
-3.451075 
1.243449 
5.937778 
4.060280 
-1.878891 
-3.756733 
0.936907 
5.630398 
3.752112 
-2.187798 
-4.066331 
0.626666 
5.319565 
3.440735 
-2.499670 
-4.378649 
0.313953 
5.006504 
3.127377 
-2.813276 
-4.692452 
-0.000000 
4.692452 
2.813276 
-3.127377 
-5.006504 
-0.313953 
4.378649 
2.499670 
-3.440735 
-5.319565 
-0.626666 
4.066331 
2.187798 
-3.752112 
-5.630398 
-0.936907 
3.756733 
1.878891 
-4.060280 
-5.937778 
-1.243449 
3.451075 
1.574167 
-4.364023 
-6.240490 
-1.545085 
3.150565 
1.274829 
-4.662141 
-6.537342 
-1.840623 
2.856387 
0.982058 
-4.953458 
-6.827160 
-2.128896 
2.569704 
0.697010 
-5.236826 
-7.108802 
-2.408768 
2.291646 
0.420810 
-5.511124 
-7.381156 
-2.679134 
2.023311 
0.154548 
-5.775271 
-7.643146 
-2.938926 
1.765758 
-0.100725 
-6.028224 
-7.893739 
-3.187120 
1.520003 
-0.344003 
-6.268986 
-8.131947 
-3.422736 
1.287016 
-0.574324 
-6.496605 
-8.356828 
-3.644843 
1.067717 
-0.790779 
-6.710183 
-8.567495 
-3.852566 
0.862971 
-0.992516 
-6.908878 
-8.763118 
-4.045085 
0.673586 
-1.178737 
-7.091906 
-8.942923 
-4.221640 
0.500310 
-1.348707 
-7.258543 
-9.106201 
-4.381533 
0.343826 
-1.501756 
-7.408133 
-9.252309 
-4.524135 
0.204753 
-1.637280 
-7.540085 
-9.380669 
-4.648882 
0.083638 
-1.754743 
-7.653879 
-9.490774 
-4.755283 
-0.019040 
-1.853683 
-7.749065 
-9.582191 
-4.842916 
-0.102876 
-1.933708 
-7.825267 
-9.654558 
-4.911436 
-0.167539 
-1.994503 
-7.882185 
-9.707590 
-4.960574 
-0.212774 
-2.035829 
-7.919594 
-9.741077 
-4.990134 
-0.238402 
-2.057521 
-7.937347 
-9.754888 
-5.000000 
-0.244323 
-2.059495 
-7.935374 
-9.748967 
-4.990134 
-0.230512 
-2.041742 
-7.913681 
-9.723339 
-4.960574 
-0.197025 
-2.004332 
-7.872356 
-9.678104 
-4.911436 
-0.143993 
-1.947414 
-7.811561 
-9.613441 
-4.842916 
-0.071626 
-1.871212 
-7.731535 
-9.529605 
-4.755283 
0.019791 
-1.776026 
-7.632596 
-9.426927 
-4.648882 
0.129897 
-1.662233 
-7.515132 
-9.305812 
-4.524135 
0.258256 
-1.530281 
-7.379609 
-9.166739 
-4.381533 
0.404364 
-1.380691 
-7.226560 
-9.010255 
-4.221640 
0.567642 
-1.214053 
-7.056589 
-8.836979 
-4.045085 
0.747448 
-1.031026 
-6.870368 
-8.647594 
-3.852566 
0.943070 
-0.832331 
-6.668632 
-8.442848 
-3.644843 
1.153737 
-0.618752 
-6.452176 
-8.223549 
-3.422736 
1.378619 
-0.391133 
-6.221855 
-7.990562 
-3.187120 
1.616826 
-0.150372 
-5.978578 
-7.744807 
-2.938926 
1.867419 
0.102582 
-5.723304 
-7.487254 
-2.679134 
2.129409 
0.366729 
-5.457042 
-7.218919 
-2.408768 
2.401763 
0.641027 
-5.180842 
-6.940861 
-2.128896 
2.683405 
0.924394 
-4.895795 
-6.654178 
-1.840623 
2.973223 
1.215712 
-4.603024 
-6.360001 
-1.545085 
3.270075 
1.513830 
-4.303686 
-6.059490 
-1.243449 
3.572788 
1.817572 
-3.998962 
-5.753832 
-0.936907 
3.880167 
2.125740 
-3.690054 
-5.444234 
-0.626666 
4.191001 
2.437118 
-3.378182 
-5.131917 
-0.313953 
4.504061 
2.750475 
-3.064577 
-4.818113 
-0.000000 
4.818113 
3.064577 
-2.750475 
-4.504061 
0.313953 
5.131917 
3.378182 
-2.437118 
-4.191001 
0.626666 
5.444234 
3.690054 
-2.125740 
-3.880167 
0.936907 
5.753832 
3.998962 
-1.817572 
-3.572788 
1.243449 
6.059490 
4.303686 
-1.513830 
-3.270075 
1.545085 
6.360001 
4.603024 
-1.215712 
-2.973223 
1.840623 
6.654178 
4.895795 
-0.924394 
-2.683405 
2.128896 
6.940861 
5.180842 
-0.641027 
-2.401763 
2.408768 
7.218919 
5.457042 
-0.366729 
-2.129409 
2.679134 
7.487254 
5.723304 
-0.102582 
-1.867419 
2.938926 
7.744807 
5.978578 
0.150372 
-1.616826 
3.187120 
7.990562 
6.221855 
0.391133 
-1.378619 
3.422736 
8.223549 
6.452176 
0.618752 
-1.153737 
3.644843 
8.442848 
6.668632 
0.832331 
-0.943070 
3.852566 
8.647594 
6.870368 
1.031026 
-0.747448 
4.045085 
8.836979 
7.056589 
1.214053 
-0.567642 
4.221640 
9.010255 
7.226560 
1.380691 
-0.404364 
4.381533 
9.166739 
7.379609 
1.530281 
-0.258256 
4.524135 
9.305812 
7.515132 
1.662233 
-0.129897 
4.648882 
9.426927 
7.632596 
1.776026 
-0.019791 
4.755283 
9.529605 
7.731535 
1.871212 
0.071626 
4.842916 
9.613441 
7.811561 
1.947414 
0.143993 
4.911436 
9.678104 
7.872356 
2.004332 
0.197025 
4.960574 
9.723339 
7.913681 
2.041742 
0.230512 
4.990134 
9.748967 
7.935374 
2.059495 
0.244323 
5.000000 
9.754888 
7.937347 
2.057521 
0.238402 
4.990134 
9.741077 
7.919594 
2.035829 
0.212774 
4.960574 
9.707590 
7.882185 
1.994503 
0.167539 
4.911436 
9.654558 
7.825267 
1.933708 
0.102876 
4.842916 
9.582191 
7.749065 
1.853683 
0.019040 
4.755283 
9.490774 
7.653879 
1.754743 
-0.083638 
4.648882 
9.380669 
7.540085 
1.637280 
-0.204753 
4.524135 
9.252309 
7.408133 
1.501756 
-0.343826 
4.381533 
9.106201 
7.258543 
1.348707 
-0.500310 
4.221640 
8.942923 
7.091906 
1.178737 
-0.673586 
4.045085 
8.763118 
6.908878 
0.992516 
-0.862971 
3.852566 
8.567495 
6.710183 
0.790779 
-1.067717 
3.644843 
8.356828 
6.496605 
0.574324 
-1.287016 
3.422736 
8.131947 
6.268986 
0.344003 
-1.520003 
3.187120 
7.893739 
6.028224 
0.100725 
-1.765758 
2.938926 
7.643146 
5.775271 
-0.154548 
-2.023311 
2.679134 
7.381156 
5.511124 
-0.420810 
-2.291646 
2.408768 
7.108802 
5.236826 
-0.697010 
-2.569704 
2.128896 
6.827160 
4.953458 
-0.982058 
-2.856387 
1.840623 
6.537342 
4.662141 
-1.274829 
-3.150565 
1.545085 
6.240490 
4.364023 
-1.574167 
-3.451075 
1.243449 
5.937778 
4.060280 
-1.878891 
-3.756733 
0.936907 
5.630398 
3.752112 
-2.187798 
-4.066331 
0.626666 
5.319565 
3.440735 
-2.499670 
-4.378649 
0.313953 
5.006504 
3.127377 
-2.813276 
-4.692452 
0.000000 
4.692452 
2.813276 
-3.127377 
-5.006504 
-0.313953 
4.378649 
2.499670 
-3.440735 
-5.319565 
-0.626666 
4.066331 
2.187798 
-3.752112 
-5.630398 
-0.936907 
3.756733 
1.878891 
-4.060280 
-5.937778 
-1.243449 
3.451075 
1.574167 
-4.364023 
-6.240490 
-1.545085 
3.150565 
1.274829 
-4.662141 
-6.537342 
-1.840623 
2.856387 
0.982058 
-4.953458 
-6.827160 
-2.128896 
2.569704 
0.697010 
-5.236826 
-7.108802 
-2.408768 
2.291646 
0.420810 
-5.511124 
-7.381156 
-2.679134 
2.023311 
0.154548 
-5.775271 
-7.643146 
-2.938926 
1.765758 
-0.100725 
-6.028224 
-7.893739 
-3.187120 
1.520003 
-0.344003 
-6.268986 
-8.131947 
-3.422736 
1.287016 
-0.574324 
-6.496605 
-8.356828 
-3.644843 
1.067717 
-0.790779 
-6.710183 
-8.567495 
-3.852566 
0.862971 
-0.992516 
-6.908878 
-8.763118 
-4.045085 
0.673586 
-1.178737 
-7.091906 
-8.942923 
-4.221640 
0.500310 
-1.348707 
-7.258543 
-9.106201 
-4.381533 
0.343826 
-1.501756 
-7.408133 
-9.252309 
-4.524135 
0.204753 
-1.637280 
-7.540085 
-9.380669 
-4.648882 
0.083638 
-1.754743 
-7.653879 
-9.490774 
-4.755283 
-0.019040 
-1.853683 
-7.749065 
-9.582191 
-4.842916 
-0.102876 
-1.933708 
-7.825267 
-9.654558 
-4.911436 
-0.167539 
-1.994503 
-7.882185 
-9.707590 
-4.960574 
-0.212774 
-2.035829 
-7.919594 
-9.741077 
-4.990134 
-0.238402 
-2.057521 
-7.937347 
-9.754888 
-5.000000 
-0.244323 
-2.059495 
-7.935374 
-9.748967 
-4.990134 
-0.230512 
-2.041742 
-7.913681 
-9.723339 
-4.960574 
-0.197025 
-2.004332 
-7.872356 
-9.678104 
-4.911436 
-0.143993 
-1.947414 
-7.811561 
-9.613441 
-4.842916 
-0.071626 
-1.871212 
-7.731535 
-9.529605 
-4.755283 
0.019791 
-1.776026 
-7.632596 
-9.426927 
-4.648882 
0.129897 
-1.662233 
-7.515132 
-9.305812 
-4.524135 
0.258256 
-1.530281 
-7.379609 
-9.166739 
-4.381533 
0.404364 
-1.380691 
-7.226560 
-9.010255 
-4.221640 
0.567642 
-1.214053 
-7.056589 
-8.836979 
-4.045085 
0.747448 
-1.031026 
-6.870368 
-8.647594 
-3.852566 
0.943070 
-0.832331 
-6.668632 
-8.442848 
-3.644843 
1.153737 
-0.618752 
-6.452176 
-8.223549 
-3.422736 
1.378619 
-0.391133 
-6.221855 
-7.990562 
-3.187120 
1.616826 
-0.150372 
-5.978578 
-7.744807 
-2.938926 
1.867419 
0.102582 
-5.723304 
-7.487254 
-2.679134 
2.129409 
0.366729 
-5.457042 
-7.218919 
-2.408768 
2.401763 
0.641027 
-5.180842 
-6.940861 
-2.128896 
2.683405 
0.924394 
-4.895795 
-6.654178 
-1.840623 
2.973223 
1.215712 
-4.603024 
-6.360001 
-1.545085 
3.270075 
1.513830 
-4.303686 
-6.059490 
-1.243449 
3.572788 
1.817572 
-3.998962 
-5.753832 
-0.936907 
3.880167 
2.125740 
-3.690054 
-5.444234 
-0.626666 
4.191001 
2.437118 
-3.378182 
-5.131917 
-0.313953 
4.504061 
2.750475 
-3.064577 
-4.818113 
0.000000 
4.818113 
3.064577 
-2.750475 
-4.504061 
0.313953 
5.131917 
3.378182 
-2.437118 
-4.191001 
0.626666 
5.444234 
3.690054 
-2.125740 
-3.880167 
0.936907 
5.753832 
3.998962 
-1.817572 
-3.572788 
1.243449 
6.059490 
4.303686 
-1.513830 
-3.270075 
1.545085 
6.360001 
4.603024 
-1.215712 
-2.973223 
1.840623 
6.654178 
4.895795 
-0.924394 
-2.683405 
2.128896 
6.940861 
5.180842 
-0.641027 
-2.401763 
2.408768 
7.218919 
5.457042 
-0.366729 
-2.129409 
2.679134 
7.487254 
5.723304 
-0.102582 
-1.867419 
2.938926 
7.744807 
5.978578 
0.150372 
-1.616826 
3.187120 
7.990562 
6.221855 
0.391133 
-1.378619 
3.422736 
8.223549 
6.452176 
0.618752 
-1.153737 
3.644843 
8.442848 
6.668632 
0.832331 
-0.943070 
3.852566 
8.647594 
6.870368 
1.031026 
-0.747448 
4.045085 
8.836979 
7.056589 
1.214053 
-0.567642 
4.221640 
9.010255 
7.226560 
1.380691 
-0.404364 
4.381533 
9.166739 
7.379609 
1.530281 
-0.258256 
4.524135 
9.305812 
7.515132 
1.662233 
-0.129897 
4.648882 
9.426927 
7.632596 
1.776026 
-0.019791 
4.755283 
9.529605 
7.731535 
1.871212 
0.071626 
4.842916 
9.613441 
7.811561 
1.947414 
0.143993 
4.911436 
9.678104 
7.872356 
2.004332 
0.197025 
4.960574 
9.723339 
7.913681 
2.041742 
0.230512 
4.990134 
9.748967 
7.935374 
2.059495 
0.244323 
5.000000 
9.754888 
7.937347 
2.057521 
0.238402 
4.990134 
9.741077 
7.919594 
2.035829 
0.212774 
4.960574 
9.707590 
7.882185 
1.994503 
0.167539 
4.911436 
9.654558 
7.825267 
1.933708 
0.102876 
4.842916 
9.582191 
7.749065 
1.853683 
0.019040 
4.755283 
9.490774 
7.653879 
1.754743 
-0.083638 
4.648882 
9.380669 
7.540085 
1.637280 
-0.204753 
4.524135 
9.252309 
7.408133 
1.501756 
-0.343826 
4.381533 
9.106201 
7.258543 
1.348707 
-0.500310 
4.221640 
8.942923 
7.091906 
1.178737 
-0.673586 
4.045085 
8.763118 
6.908878 
0.992516 
-0.862971 
3.852566 
8.567495 
6.710183 
0.790779 
-1.067717 
3.644843 
8.356828 
6.496605 
0.574324 
-1.287016 
3.422736 
8.131947 
6.268986 
0.344003 
-1.520003 
3.187120 
7.893739 
6.028224 
0.100725 
-1.765758 
2.938926 
7.643146 
5.775271 
-0.154548 
-2.023311 
2.679134 
7.381156 
5.511124 
-0.420810 
-2.291646 
2.408768 
7.108802 
5.236826 
-0.697010 
-2.569704 
2.128896 
6.827160 
4.953458 
-0.982058 
-2.856387 
1.840623 
6.537342 
4.662141 
-1.274829 
-3.150565 
1.545085 
6.240490 
4.364023 
-1.574167 
-3.451075 
1.243449 
5.937778 
4.060280 
-1.878891 
-3.756733 
0.936907 
5.630398 
3.752112 
-2.187798 
-4.066331 
0.626666 
5.319565 
3.440735 
-2.499670 
-4.378649 
0.313953 
5.006504 
3.127377 
-2.813276 
-4.692452 
-0.000000 
4.692452 
2.813276 
-3.127377 
-5.006504 
-0.313953 
4.378649 
2.499670 
-3.440735 
-5.319565 
-0.626666 
4.066331 
2.187798 
-3.752112 
-5.630398 
-0.936907 
3.756733 
1.878891 
-4.060280 
-5.937778 
-1.243449 
3.451075 
1.574167 
-4.364023 
-6.240490 
-1.545085 
3.150565 
1.274829 
-4.662141 
-6.537342 
-1.840623 
2.856387 
0.982058 
-4.953458 
-6.827160 
-2.128896 
2.569704 
0.697010 
-5.236826 
-7.108802 
-2.408768 
2.291646 
0.420810 
-5.511124 
-7.381156 
-2.679134 
2.023311 
0.154548 
-5.775271 
-7.643146 
-2.938926 
1.765758 
-0.100725 
-6.028224 
-7.893739 
-3.187120 
1.520003 
-0.344003 
-6.268986 
-8.131947 
-3.422736 
1.287016 
-0.574324 
-6.496605 
-8.356828 
-3.644843 
1.067717 
-0.790779 
-6.710183 
-8.567495 
-3.852566 
0.862971 
-0.992516 
-6.908878 
-8.763118 
-4.045085 
0.673586 
-1.178737 
-7.091906 
-8.942923 
-4.221640 
0.500310 
-1.348707 
-7.258543 
-9.106201 
-4.381533 
0.343826 
-1.501756 
-7.408133 
-9.252309 
-4.524135 
0.204753 
-1.637280 
-7.540085 
-9.380669 
-4.648882 
0.083638 
-1.754743 
-7.653879 
-9.490774 
-4.755283 
-0.019040 
-1.853683 
-7.749065 
-9.582191 
-4.842916 
-0.102876 
-1.933708 
-7.825267 
-9.654558 
-4.911436 
-0.167539 
-1.994503 
-7.882185 
-9.707590 
-4.960574 
-0.212774 
-2.035829 
-7.919594 
-9.741077 
-4.990134 
-0.238402 
-2.057521 
-7.937347 
-9.754888 
-5.000000 
-0.244323 
-2.059495 
-7.935374 
-9.748967 
-4.990134 
-0.230512 
-2.041742 
-7.913681 
-9.723339 
-4.960574 
-0.197025 
-2.004332 
-7.872356 
-9.678104 
-4.911436 
-0.143993 
-1.947414 
-7.811561 
-9.613441 
-4.842916 
-0.071626 
-1.871212 
-7.731535 
-9.529605 
-4.755283 
0.019791 
-1.776026 
-7.632596 
-9.426927 
-4.648882 
0.129897 
-1.662233 
-7.515132 
-9.305812 
-4.524135 
0.258256 
-1.530281 
-7.379609 
-9.166739 
-4.381533 
0.404364 
-1.380691 
-7.226560 
-9.010255 
-4.221640 
0.567642 
-1.214053 
-7.056589 
-8.836979 
-4.045085 
0.747448 
-1.031026 
-6.870368 
-8.647594 
-3.852566 
0.943070 
-0.832331 
-6.668632 
-8.442848 
-3.644843 
1.153737 
-0.618752 
-6.452176 
-8.223549 
-3.422736 
1.378619 
-0.391133 
-6.221855 
-7.990562 
-3.187120 
1.616826 
-0.150372 
-5.978578 
-7.744807 
-2.938926 
1.867419 
0.102582 
-5.723304 
-7.487254 
-2.679134 
2.129409 
0.366729 
-5.457042 
-7.218919 
-2.408768 
2.401763 
0.641027 
-5.180842 
-6.940861 
-2.128896 
2.683405 
0.924394 
-4.895795 
-6.654178 
-1.840623 
2.973223 
1.215712 
-4.603024 
-6.360001 
-1.545085 
3.270075 
1.513830 
-4.303686 
-6.059490 
-1.243449 
3.572788 
1.817572 
-3.998962 
-5.753832 
-0.936907 
3.880167 
2.125740 
-3.690054 
-5.444234 
-0.626666 
4.191001 
2.437118 
-3.378182 
-5.131917 
-0.313953 
4.504061 
2.750475 
-3.064577 
-4.818113 
0.000000 
4.818113 
3.064577 
-2.750475 
-4.504061 
0.313953 
5.131917 
3.378182 
-2.437118 
-4.191001 
0.626666 
5.444234 
3.690054 
-2.125740 
-3.880167 
0.936907 
5.753832 
3.998962 
-1.817572 
-3.572788 
1.243449 
6.059490 
4.303686 
-1.513830 
-3.270075 
1.545085 
6.360001 
4.603024 
-1.215712 
-2.973223 
1.840623 
6.654178 
4.895795 
-0.924394 
-2.683405 
2.128896 
6.940861 
5.180842 
-0.641027 
-2.401763 
2.408768 
7.218919 
5.457042 
-0.366729 
-2.129409 
2.679134 
7.487254 
5.723304 
-0.102582 
-1.867419 
2.938926 
7.744807 
5.978578 
0.150372 
-1.616826 
3.187120 
7.990562 
6.221855 
0.391133 
-1.378619 
3.422736 
8.223549 
6.452176 
0.618752 
-1.153737 
3.644843 
8.442848 
6.668632 
0.832331 
-0.943070 
3.852566 
8.647594 
6.870368 
1.031026 
-0.747448 
4.045085 
8.836979 
7.056589 
1.214053 
-0.567642 
4.221640 
9.010255 
7.226560 
1.380691 
-0.404364 
4.381533 
9.166739 
7.379609 
1.530281 
-0.258256 
4.524135 
9.305812 
7.515132 
1.662233 
-0.129897 
4.648882 
9.426927 
7.632596 
1.776026 
-0.019791 
4.755283 
9.529605 
7.731535 
1.871212 
0.071626 
4.842916 
9.613441 
7.811561 
1.947414 
0.143993 
4.911436 
9.678104 
7.872356 
2.004332 
0.197025 
4.960574 
9.723339 
7.913681 
2.041742 
0.230512 
4.990134 
9.748967 
7.935374 
2.059495 
0.244323 
5.000000 
9.754888 
7.937347 
2.057521 
0.238402 
4.990134 
9.741077 
7.919594 
2.035829 
0.212774 
4.960574 
9.707590 
7.882185 
1.994503 
0.167539 
4.911436 
9.654558 
7.825267 
1.933708 
0.102876 
4.842916 
9.582191 
7.749065 
1.853683 
0.019040 
4.755283 
9.490774 
7.653879 
1.754743 
-0.083638 
4.648882 
9.380669 
7.540085 
1.637280 
-0.204753 
4.524135 
9.252309 
7.408133 
1.501756 
-0.343826 
4.381533 
9.106201 
7.258543 
1.348707 
-0.500310 
4.221640 
8.942923 
7.091906 
1.178737 
-0.673586 
4.045085 
8.763118 
6.908878 
0.992516 
-0.862971 
3.852566 
8.567495 
6.710183 
0.790779 
-1.067717 
3.644843 
8.356828 
6.496605 
0.574324 
-1.287016 
3.422736 
8.131947 
6.268986 
0.344003 
-1.520003 
3.187120 
7.893739 
6.028224 
0.100725 
-1.765758 
2.938926 
7.643146 
5.775271 
-0.154548 
-2.023311 
2.679134 
7.381156 
5.511124 
-0.420810 
-2.291646 
2.408768 
7.108802 
5.236826 
-0.697010 
-2.569704 
2.128896 
6.827160 
4.953458 
-0.982058 
-2.856387 
1.840623 
6.537342 
4.662141 
-1.274829 
-3.150565 
1.545085 
6.240490 
4.364023 
-1.574167 
-3.451075 
1.243449 
5.937778 
4.060280 
-1.878891 
-3.756733 
0.936907 
5.630398 
3.752112 
-2.187798 
-4.066331 
0.626666 
5.319565 
3.440735 
-2.499670 
-4.378649 
0.313953 
5.006504 
3.127377 
-2.813276 
-4.692452 
0.000000 
4.692452 
2.813276 
-3.127377 
-5.006504 
-0.313953 
4.378649 
2.499670 
-3.440735 
-5.319565 
-0.626666 
4.066331 
2.187798 
-3.752112 
-5.630398 
-0.936907 
3.756733 
1.878891 
-4.060280 
-5.937778 
-1.243449 
3.451075 
1.574167 
-4.364023 
-6.240490 
-1.545085 
3.150565 
1.274829 
-4.662141 
-6.537342 
-1.840623 
2.856387 
0.982058 
-4.953458 
-6.827160 
-2.128896 
2.569704 
0.697010 
-5.236826 
-7.108802 
-2.408768 
2.291646 
0.420810 
-5.511124 
-7.381156 
-2.679134 
2.023311 
0.154548 
-5.775271 
-7.643146 
-2.938926 
1.765758 
-0.100725 
-6.028224 
-7.893739 
-3.187120 
1.520003 
-0.344003 
-6.268986 
-8.131947 
-3.422736 
1.287016 
-0.574324 
-6.496605 
-8.356828 
-3.644843 
1.067717 
-0.790779 
-6.710183 
-8.567495 
-3.852566 
0.862971 
-0.992516 
-6.908878 
-8.763118 
-4.045085 
0.673586 
-1.178737 
-7.091906 
-8.942923 
-4.221640 
0.500310 
-1.348707 
-7.258543 
-9.106201 
-4.381533 
0.343826 
-1.501756 
-7.408133 
-9.252309 
-4.524135 
0.204753 
-1.637280 
-7.540085 
-9.380669 
-4.648882 
0.083638 
-1.754743 
-7.653879 
-9.490774 
-4.755283 
-0.019040 
-1.853683 
-7.749065 
-9.582191 
-4.842916 
-0.102876 
-1.933708 
-7.825267 
-9.654558 
-4.911436 
-0.167539 
-1.994503 
-7.882185 
-9.707590 
-4.960574 
-0.212774 
-2.035829 
-7.919594 
-9.741077 
-4.990134 
-0.238402 
-2.057521 
-7.937347 
-9.754888 
-5.000000 
-0.244323 
-2.059495 
-7.935374 
-9.748967 
-4.990134 
-0.230512 
-2.041742 
-7.913681 
-9.723339 
-4.960574 
-0.197025 
-2.004332 
-7.872356 
-9.678104 
-4.911436 
-0.143993 
-1.947414 
-7.811561 
-9.613441 
-4.842916 
-0.071626 
-1.871212 
-7.731535 
-9.529605 
-4.755283 
0.019791 
-1.776026 
-7.632596 
-9.426927 
-4.648882 
0.129897 
-1.662233 
-7.515132 
-9.305812 
-4.524135 
0.258256 
-1.530281 
-7.379609 
-9.166739 
-4.381533 
0.404364 
-1.380691 
-7.226560 
-9.010255 
-4.221640 
0.567642 
-1.214053 
-7.056589 
-8.836979 
-4.045085 
0.747448 
-1.031026 
-6.870368 
-8.647594 
-3.852566 
0.943070 
-0.832331 
-6.668632 
-8.442848 
-3.644843 
1.153737 
-0.618752 
-6.452176 
-8.223549 
-3.422736 
1.378619 
-0.391133 
-6.221855 
-7.990562 
-3.187120 
1.616826 
-0.150372 
-5.978578 
-7.744807 
-2.938926 
1.867419 
0.102582 
-5.723304 
-7.487254 
-2.679134 
2.129409 
0.366729 
-5.457042 
-7.218919 
-2.408768 
2.401763 
0.641027 
-5.180842 
-6.940861 
-2.128896 
2.683405 
0.924394 
-4.895795 
-6.654178 
-1.840623 
2.973223 
1.215712 
-4.603024 
-6.360001 
-1.545085 
3.270075 
1.513830 
-4.303686 
-6.059490 
-1.243449 
3.572788 
1.817572 
-3.998962 
-5.753832 
-0.936907 
3.880167 
2.125740 
-3.690054 
-5.444234 
-0.626666 
4.191001 
2.437118 
-3.378182 
-5.131917 
-0.313953 
4.504061 
2.750475 
-3.064577 
-4.818113 
-0.000000 
4.818113 
3.064577 
-2.750475 
-4.504061 
0.313953 
5.131917 
3.378182 
-2.437118 
-4.191001 
0.626666 
5.444234 
3.690054 
-2.125740 
-3.880167 
0.936907 
5.753832 
3.998962 
-1.817572 
-3.572788 
1.243449 
6.059490 
4.303686 
-1.513830 
-3.270075 
1.545085 
6.360001 
4.603024 
-1.215712 
-2.973223 
1.840623 
6.654178 
4.895795 
-0.924394 
-2.683405 
2.128896 
6.940861 
5.180842 
-0.641027 
-2.401763 
2.408768 
7.218919 
5.457042 
-0.366729 
-2.129409 
2.679134 
7.487254 
5.723304 
-0.102582 
-1.867419 
2.938926 
7.744807 
5.978578 
0.150372 
-1.616826 
3.187120 
7.990562 
6.221855 
0.391133 
-1.378619 
3.422736 
8.223549 
6.452176 
0.618752 
-1.153737 
3.644843 
8.442848 
6.668632 
0.832331 
-0.943070 
3.852566 
8.647594 
6.870368 
1.031026 
-0.747448 
4.045085 
8.836979 
7.056589 
1.214053 
-0.567642 
4.221640 
9.010255 
7.226560 
1.380691 
-0.404364 
4.381533 
9.166739 
7.379609 
1.530281 
-0.258256 
4.524135 
9.305812 
7.515132 
1.662233 
-0.129897 
4.648882 
9.426927 
7.632596 
1.776026 
-0.019791 
4.755283 
9.529605 
7.731535 
1.871212 
0.071626 
4.842916 
9.613441 
7.811561 
1.947414 
0.143993 
4.911436 
9.678104 
7.872356 
2.004332 
0.197025 
4.960574 
9.723339 
7.913681 
2.041742 
0.230512 
4.990134 
9.748967 
7.935374 
2.059495 
0.244323 
5.000000 
9.754888 
7.937347 
2.057521 
0.238402 
4.990134 
9.741077 
7.919594 
2.035829 
0.212774 
4.960574 
9.707590 
7.882185 
1.994503 
0.167539 
4.911436 
9.654558 
7.825267 
1.933708 
0.102876 
4.842916 
9.582191 
7.749065 
1.853683 
0.019040 
4.755283 
9.490774 
7.653879 
1.754743 
-0.083638 
4.648882 
9.380669 
7.540085 
1.637280 
-0.204753 
4.524135 
9.252309 
7.408133 
1.501756 
-0.343826 
4.381533 
9.106201 
7.258543 
1.348707 
-0.500310 
4.221640 
8.942923 
7.091906 
1.178737 
-0.673586 
4.045085 
8.763118 
6.908878 
0.992516 
-0.862971 
3.852566 
8.567495 
6.710183 
0.790779 
-1.067717 
3.644843 
8.356828 
6.496605 
0.574324 
-1.287016 
3.422736 
8.131947 
6.268986 
0.344003 
-1.520003 
3.187120 
7.893739 
6.028224 
0.100725 
-1.765758 
2.938926 
7.643146 
5.775271 
-0.154548 
-2.023311 
2.679134 
7.381156 
5.511124 
-0.420810 
-2.291646 
2.408768 
7.108802 
5.236826 
-0.697010 
-2.569704 
2.128896 
6.827160 
4.953458 
-0.982058 
-2.856387 
1.840623 
6.537342 
4.662141 
-1.274829 
-3.150565 
1.545085 
6.240490 
4.364023 
-1.574167 
-3.451075 
1.243449 
5.937778 
4.060280 
-1.878891 
-3.756733 
0.936907 
5.630398 
3.752112 
-2.187798 
-4.066331 
0.626666 
5.319565 
3.440735 
-2.499670 
-4.378649 
0.313953 
5.006504 
3.127377 
-2.813276 
-4.692452 
-0.000000 
4.692452 
2.813276 
-3.127377 
-5.006504 
-0.313953 
4.378649 
2.499670 
-3.440735 
-5.319565 
-0.626666 
4.066331 
2.187798 
-3.752112 
-5.630398 
-0.936907 
3.756733 
1.878891 
-4.060280 
-5.937778 
-1.243449 
3.451075 
1.574167 
-4.364023 
-6.240490 
-1.545085 
3.150565 
1.274829 
-4.662141 
-6.537342 
-1.840623 
2.856387 
0.982058 
-4.953458 
-6.827160 
-2.128896 
2.569704 
0.697010 
-5.236826 
-7.108802 
-2.408768 
2.291646 
0.420810 
-5.511124 
-7.381156 
-2.679134 
2.023311 
0.154548 
-5.775271 
-7.643146 
-2.938926 
1.765758 
-0.100725 
-6.028224 
-7.893739 
-3.187120 
1.520003 
-0.344003 
-6.268986 
-8.131947 
-3.422736 
1.287016 
-0.574324 
-6.496605 
-8.356828 
-3.644843 
1.067717 
-0.790779 
-6.710183 
-8.567495 
-3.852566 
0.862971 
-0.992516 
-6.908878 
-8.763118 
-4.045085 
0.673586 
-1.178737 
-7.091906 
-8.942923 
-4.221640 
0.500310 
-1.348707 
-7.258543 
-9.106201 
-4.381533 
0.343826 
-1.501756 
-7.408133 
-9.252309 
-4.524135 
0.204753 
-1.637280 
-7.540085 
-9.380669 
-4.648882 
0.083638 
-1.754743 
-7.653879 
-9.490774 
-4.755283 
-0.019040 
-1.853683 
-7.749065 
-9.582191 
-4.842916 
-0.102876 
-1.933708 
-7.825267 
-9.654558 
-4.911436 
-0.167539 
-1.994503 
-7.882185 
-9.707590 
-4.960574 
-0.212774 
-2.035829 
-7.919594 
-9.741077 
-4.990134 
-0.238402 
-2.057521 
-7.937347 
-9.754888 
-5.000000 
-0.244323 
-2.059495 
-7.935374 
-9.748967 
-4.990134 
-0.230512 
-2.041742 
-7.913681 
-9.723339 
-4.960574 
-0.197025 
-2.004332 
-7.872356 
-9.678104 
-4.911436 
-0.143993 
-1.947414 
-7.811561 
-9.613441 
-4.842916 
-0.071626 
-1.871212 
-7.731535 
-9.529605 
-4.755283 
0.019791 
-1.776026 
-7.632596 
-9.426927 
-4.648882 
0.129897 
-1.662233 
-7.515132 
-9.305812 
-4.524135 
0.258256 
-1.530281 
-7.379609 
-9.166739 
-4.381533 
0.404364 
-1.380691 
-7.226560 
-9.010255 
-4.221640 
0.567642 
-1.214053 
-7.056589 
-8.836979 
-4.045085 
0.747448 
-1.031026 
-6.870368 
-8.647594 
-3.852566 
0.943070 
-0.832331 
-6.668632 
-8.442848 
-3.644843 
1.153737 
-0.618752 
-6.452176 
-8.223549 
-3.422736 
1.378619 
-0.391133 
-6.221855 
-7.990562 
-3.187120 
1.616826 
-0.150372 
-5.978578 
-7.744807 
-2.938926 
1.867419 
0.102582 
-5.723304 
-7.487254 
-2.679134 
2.129409 
0.366729 
-5.457042 
-7.218919 
-2.408768 
2.401763 
0.641027 
-5.180842 
-6.940861 
-2.128896 
2.683405 
0.924394 
-4.895795 
-6.654178 
-1.840623 
2.973223 
1.215712 
-4.603024 
-6.360001 
-1.545085 
3.270075 
1.513830 
-4.303686 
-6.059490 
-1.243449 
3.572788 
1.817572 
-3.998962 
-5.753832 
-0.936907 
3.880167 
2.125740 
-3.690054 
-5.444234 
-0.626666 
4.191001 
2.437118 
-3.378182 
-5.131917 
-0.313953 
